a = [5 3 6  5 2 8 ; 2 1 4 4 5 2];